{
  "advancedEditorSelectedIdentifier" : "ProjectBrowser",
  "openSceneRelativePaths" : [
    "Immersive.usda",
    "Bones.usda",
    "Airplane.usda"
  ],
  "recentIdentifiers" : {
    "6CD3539F-A111-4C46-A491-4EE8F421080A" : [

    ]
  },
  "sceneCameraHistory" : {
    "6B844AED-95C5-4CF5-8433-7FA590F7B867" : [
      {
        "date" : 715777984.02780497,
        "title" : "Untitled",
        "transform" : [
          1,
          0,
          0,
          0,
          0,
          0.86602538824081421,
          -0.5,
          0,
          0,
          0.5,
          0.86602538824081421,
          0,
          0,
          0.11563811451196671,
          0.20029111206531525,
          1
        ]
      },
      {
        "date" : 715777845.99435699,
        "title" : "Untitled",
        "transform" : [
          1,
          0,
          0,
          0,
          0,
          0.86602538824081421,
          -0.5,
          0,
          0,
          0.5,
          0.86602538824081421,
          0,
          0,
          0.27093476057052612,
          0.46927279233932495,
          1
        ]
      }
    ],
    "6CD3539F-A111-4C46-A491-4EE8F421080A" : [
      {
        "date" : 715788788.75892305,
        "title" : "Untitled",
        "transform" : [
          1,
          0,
          -0,
          0,
          -0,
          0.86602532863616943,
          -0.50000011920928955,
          0,
          0,
          0.50000011920928955,
          0.86602532863616943,
          0,
          -0.0050000348128378391,
          0.18214669823646545,
          0.31299594044685364,
          1
        ]
      },
      {
        "date" : 715788786.65958905,
        "title" : "Untitled",
        "transform" : [
          1,
          0,
          -0,
          0,
          -0,
          0.86602532863616943,
          -0.50000011920928955,
          0,
          0,
          0.50000011920928955,
          0.86602532863616943,
          0,
          -0.0050000022165477276,
          0.18214721977710724,
          0.31299743056297302,
          1
        ]
      },
      {
        "date" : 715788782.818205,
        "title" : "Untitled",
        "transform" : [
          1,
          0,
          -0,
          0,
          -0,
          0.86602532863616943,
          -0.50000011920928955,
          0,
          0,
          0.50000011920928955,
          0.86602532863616943,
          0,
          -0.0049884598702192307,
          0.18218444287776947,
          0.31325429677963257,
          1
        ]
      },
      {
        "date" : 715786018.16852403,
        "title" : "Untitled",
        "transform" : [
          1,
          0,
          0,
          0,
          0,
          0.86602532863616943,
          -0.50000011920928955,
          0,
          0,
          0.50000011920928955,
          0.86602532863616943,
          0,
          -0.00097750977147370577,
          0.1951073557138443,
          0.40251296758651733,
          1
        ]
      },
      {
        "date" : 715785999.20545006,
        "title" : "Untitled",
        "transform" : [
          1,
          0,
          0,
          0,
          0,
          0.86602532863616943,
          -0.50000011920928955,
          0,
          0,
          0.50000011920928955,
          0.86602532863616943,
          0,
          -9.9966193545242277e-08,
          3.251625457778573e-07,
          8.6142955524337594e-07,
          1
        ]
      },
      {
        "date" : 715785993.949224,
        "title" : "Untitled",
        "transform" : [
          1,
          0,
          0,
          0,
          0,
          0.86602532863616943,
          -0.50000011920928955,
          0,
          0,
          0.50000011920928955,
          0.86602532863616943,
          0,
          -0.011332578957080841,
          0.036814060062170029,
          0.097602561116218567,
          1
        ]
      },
      {
        "date" : 715778826.17559302,
        "title" : "Untitled",
        "transform" : [
          1,
          0,
          0,
          0,
          0,
          0.86602532863616943,
          -0.50000011920928955,
          0,
          0,
          0.50000011920928955,
          0.86602532863616943,
          0,
          -3.940500020980835,
          12.800775527954102,
          33.937808990478516,
          1
        ]
      },
      {
        "date" : 715778485.59659898,
        "title" : "Untitled",
        "transform" : [
          1,
          0,
          0,
          0,
          0,
          0.86602532863616943,
          -0.50000011920928955,
          0,
          0,
          0.50000011920928955,
          0.86602532863616943,
          0,
          -4.349644660949707,
          14.328648567199707,
          39.705520629882812,
          1
        ]
      },
      {
        "date" : 715778399.75650799,
        "title" : "Untitled",
        "transform" : [
          1,
          0,
          0,
          0,
          0,
          0.86602532863616943,
          -0.50000011920928955,
          0,
          0,
          0.50000011920928955,
          0.86602532863616943,
          0,
          0.005046207457780838,
          0.19589339196681976,
          0.40569460391998291,
          1
        ]
      },
      {
        "date" : 715778351.54176199,
        "title" : "Untitled",
        "transform" : [
          1,
          0,
          0,
          0,
          0,
          0.86602532863616943,
          -0.50000011920928955,
          0,
          0,
          0.50000011920928955,
          0.86602532863616943,
          0,
          0,
          0.31314930319786072,
          0.57281392812728882,
          1
        ]
      }
    ],
    "CD32B1AC-40C3-4771-9B9A-8C3B6E736AE6" : [
      {
        "date" : 715791686.43952,
        "title" : "Untitled",
        "transform" : [
          0.99999397993087769,
          -2.3296464757294189e-10,
          0.0034784562885761261,
          0,
          0.001609153812751174,
          0.88656413555145264,
          -0.46260285377502441,
          0,
          -0.0030838744714856148,
          0.46260565519332886,
          0.88655877113342285,
          0,
          -0.0022309795022010803,
          0.40722841024398804,
          0.25267019867897034,
          1
        ]
      },
      {
        "date" : 715791681.30961001,
        "title" : "Untitled",
        "transform" : [
          0.99999392032623291,
          9.9257563973553786e-12,
          0.0034784569870680571,
          0,
          0.0016091540455818176,
          0.88656407594680786,
          -0.46260291337966919,
          0,
          -0.0030838749371469021,
          0.46260571479797363,
          0.88655871152877808,
          0,
          -0.0027718860656023026,
          0.23933333158493042,
          0.48614367842674255,
          1
        ]
      },
      {
        "date" : 715791676.20771897,
        "title" : "Untitled",
        "transform" : [
          0.99999392032623291,
          9.9257563973553786e-12,
          0.0034784569870680571,
          0,
          0.0016091540455818176,
          0.88656407594680786,
          -0.46260291337966919,
          0,
          -0.0030838749371469021,
          0.46260571479797363,
          0.88655871152877808,
          0,
          -0.0027415086515247822,
          0.23747065663337708,
          0.47715556621551514,
          1
        ]
      },
      {
        "date" : 715791607.74228299,
        "title" : "Untitled",
        "transform" : [
          1,
          0,
          -0,
          0,
          -0,
          0.86602538824081421,
          -0.5,
          0,
          0,
          0.5,
          0.86602538824081421,
          0,
          0,
          0.27093476057052612,
          0.46927279233932495,
          1
        ]
      }
    ]
  },
  "selectedSceneRelativePath" : "Airplane.usda"
}