{
  "advancedEditorSelectedIdentifier" : "ProjectBrowser",
  "openSceneRelativePaths" : [
    "Immersive.usda",
    "Bones.usda"
  ],
  "recentIdentifiers" : {
    "6CD3539F-A111-4C46-A491-4EE8F421080A" : [

    ],
    "ED884D58-C452-4943-8014-6273E10E5647" : [

    ]
  },
  "sceneCameraHistory" : {
    "6B844AED-95C5-4CF5-8433-7FA590F7B867" : [
      {
        "date" : 715777984.027805,
        "title" : "Untitled",
        "transform" : [
          1,
          0,
          0,
          0,
          0,
          0.8660254,
          -0.5,
          0,
          0,
          0.5,
          0.8660254,
          0,
          0,
          0.115638115,
          0.20029111,
          1
        ]
      },
      {
        "date" : 715777845.994357,
        "title" : "Untitled",
        "transform" : [
          1,
          0,
          0,
          0,
          0,
          0.8660254,
          -0.5,
          0,
          0,
          0.5,
          0.8660254,
          0,
          0,
          0.27093476,
          0.4692728,
          1
        ]
      }
    ],
    "6CD3539F-A111-4C46-A491-4EE8F421080A" : [
      {
        "date" : 718887360.194166,
        "title" : "Untitled",
        "transform" : [
          0.9819679,
          3.9705728e-09,
          0.18904747,
          0,
          0.043492466,
          0.9731762,
          -0.22591266,
          0,
          -0.18397647,
          0.23006116,
          0.9556278,
          0,
          -0.029649965,
          0.03221725,
          0.12756203,
          1
        ]
      },
      {
        "date" : 718887328.92013,
        "title" : "Untitled",
        "transform" : [
          0.9819679,
          3.9705728e-09,
          0.18904747,
          0,
          0.043492466,
          0.9731762,
          -0.22591266,
          0,
          -0.18397647,
          0.23006116,
          0.9556278,
          0,
          -0.07148018,
          0.0845256,
          0.34484038,
          1
        ]
      },
      {
        "date" : 715788788.758923,
        "title" : "Untitled",
        "transform" : [
          1,
          0,
          -0,
          0,
          -0,
          0.8660253,
          -0.5000001,
          0,
          0,
          0.5000001,
          0.8660253,
          0,
          -0.005000035,
          0.1821467,
          0.31299594,
          1
        ]
      },
      {
        "date" : 715788786.659589,
        "title" : "Untitled",
        "transform" : [
          1,
          0,
          -0,
          0,
          -0,
          0.8660253,
          -0.5000001,
          0,
          0,
          0.5000001,
          0.8660253,
          0,
          -0.005000002,
          0.18214722,
          0.31299743,
          1
        ]
      },
      {
        "date" : 715788782.818205,
        "title" : "Untitled",
        "transform" : [
          1,
          0,
          -0,
          0,
          -0,
          0.8660253,
          -0.5000001,
          0,
          0,
          0.5000001,
          0.8660253,
          0,
          -0.00498846,
          0.18218444,
          0.3132543,
          1
        ]
      },
      {
        "date" : 715786018.168524,
        "title" : "Untitled",
        "transform" : [
          1,
          0,
          0,
          0,
          0,
          0.8660253,
          -0.5000001,
          0,
          0,
          0.5000001,
          0.8660253,
          0,
          -0.0009775098,
          0.19510736,
          0.40251297,
          1
        ]
      },
      {
        "date" : 715785999.20545,
        "title" : "Untitled",
        "transform" : [
          1,
          0,
          0,
          0,
          0,
          0.8660253,
          -0.5000001,
          0,
          0,
          0.5000001,
          0.8660253,
          0,
          -9.996619e-08,
          3.2516255e-07,
          8.6142956e-07,
          1
        ]
      },
      {
        "date" : 715785993.949224,
        "title" : "Untitled",
        "transform" : [
          1,
          0,
          0,
          0,
          0,
          0.8660253,
          -0.5000001,
          0,
          0,
          0.5000001,
          0.8660253,
          0,
          -0.011332579,
          0.03681406,
          0.09760256,
          1
        ]
      },
      {
        "date" : 715778826.175593,
        "title" : "Untitled",
        "transform" : [
          1,
          0,
          0,
          0,
          0,
          0.8660253,
          -0.5000001,
          0,
          0,
          0.5000001,
          0.8660253,
          0,
          -3.9405,
          12.800776,
          33.93781,
          1
        ]
      },
      {
        "date" : 715778485.596599,
        "title" : "Untitled",
        "transform" : [
          1,
          0,
          0,
          0,
          0,
          0.8660253,
          -0.5000001,
          0,
          0,
          0.5000001,
          0.8660253,
          0,
          -4.3496447,
          14.328649,
          39.70552,
          1
        ]
      }
    ],
    "AF09ED6F-1707-48FD-8720-65B998362C09" : [
      {
        "date" : 718874167.787899,
        "title" : "Untitled",
        "transform" : [
          1,
          0,
          -0,
          0,
          -0,
          0.87072057,
          -0.49177802,
          0,
          0,
          0.49177802,
          0.87072057,
          0,
          0,
          4.2596445,
          5.2605815,
          1
        ]
      }
    ],
    "CD32B1AC-40C3-4771-9B9A-8C3B6E736AE6" : [
      {
        "date" : 715791686.43952,
        "title" : "Untitled",
        "transform" : [
          0.999994,
          -2.3296465e-10,
          0.0034784563,
          0,
          0.0016091538,
          0.88656414,
          -0.46260285,
          0,
          -0.0030838745,
          0.46260566,
          0.8865588,
          0,
          -0.0022309795,
          0.4072284,
          0.2526702,
          1
        ]
      },
      {
        "date" : 715791681.30961,
        "title" : "Untitled",
        "transform" : [
          0.9999939,
          9.925756e-12,
          0.003478457,
          0,
          0.001609154,
          0.8865641,
          -0.4626029,
          0,
          -0.003083875,
          0.4626057,
          0.8865587,
          0,
          -0.002771886,
          0.23933333,
          0.48614368,
          1
        ]
      },
      {
        "date" : 715791676.207719,
        "title" : "Untitled",
        "transform" : [
          0.9999939,
          9.925756e-12,
          0.003478457,
          0,
          0.001609154,
          0.8865641,
          -0.4626029,
          0,
          -0.003083875,
          0.4626057,
          0.8865587,
          0,
          -0.0027415087,
          0.23747066,
          0.47715557,
          1
        ]
      },
      {
        "date" : 715791607.742283,
        "title" : "Untitled",
        "transform" : [
          1,
          0,
          -0,
          0,
          -0,
          0.8660254,
          -0.5,
          0,
          0,
          0.5,
          0.8660254,
          0,
          0,
          0.27093476,
          0.4692728,
          1
        ]
      }
    ],
    "ED884D58-C452-4943-8014-6273E10E5647" : [
      {
        "date" : 718874251.740177,
        "title" : "Untitled",
        "transform" : [
          0.99999994,
          0,
          -0,
          0,
          -0,
          0.8660256,
          -0.49999958,
          0,
          0,
          0.49999958,
          0.8660256,
          0,
          -0.0006709396,
          0.6847328,
          1.0475521,
          1
        ]
      },
      {
        "date" : 718874223.438683,
        "title" : "Untitled",
        "transform" : [
          0.99999994,
          0,
          -0,
          0,
          -0,
          0.8660256,
          -0.49999958,
          0,
          0,
          0.49999958,
          0.8660256,
          0,
          -0.0006709396,
          0.28472388,
          0.35471544,
          1
        ]
      },
      {
        "date" : 718874167.931573,
        "title" : "Untitled",
        "transform" : [
          0.99999994,
          0,
          -0,
          0,
          -0,
          0.8660256,
          -0.49999958,
          0,
          0,
          0.49999958,
          0.8660256,
          0,
          -0.0006709396,
          0.772291,
          1.0062802,
          1
        ]
      }
    ]
  },
  "selectedSceneRelativePath" : "Bones.usda"
}